0 0.227109375 0.7249307057101025 0.04375000000000001 0.061914
0 0.337421875 0.46590444802342607 0.02812500000000001 0.056285
0 0.373203125 0.6375744480234261 0.03562499999999996 0.05722299999999998
0 0.4170703125 0.421998803806735 0.026875000000000038 0.04127599999999992
0 0.5103515625 0.7387040922401171 0.03374999999999995 0.07316999999999996
0 0.5108203124999999 0.2683803191800878 0.026875000000000038 0.054409000000000006
0 0.5165234375 0.34203328843338215 0.02937500000000004 0.030018999999999938
0 0.5763671875 0.25401170571010245 0.021874999999999978 0.062851
0 0.6345703125 0.37854919033674955 0.02562500000000001 0.050655999999999965
0 0.6401953125 0.21907419033674963 0.02562500000000001 0.051594999999999995
0 0.8262109375 0.42744344802342604 0.014375000000000027 0.05816100000000004