dataset/images/0.jpeg 1 449 330 122 148
dataset/images/00006c07d2b033d1.jpg 2 332 235 142 196 609 227 144 192
dataset/images/0000bee39176697a.jpg 3 186 249 80 104 322 175 86 120 641 104 126 168
dataset/images/0000eda1171fe14e.jpg 5 81 363 24 24 400 581 48 64 488 525 48 68 785 558 50 122 842 389 48 48
dataset/images/000d1eae99343db8.jpg 1 196 246 372 590
dataset/images/00143d27992ccf33.jpg 3 0 489 60 74 300 202 250 398 640 108 248 366
dataset/images/0014d30877173ab7.jpg 1 89 63 102 128
dataset/images/001fbc2036824d74.jpg 2 332 299 96 166 775 290 66 156
dataset/images/00228d70340dbb12.jpg 2 295 0 416 282 433 284 388 268
dataset/images/00288c28e836fc12.jpg 1 318 108 452 518
dataset/images/002ba8080b936665.jpg 1 267 329 220 278
dataset/images/002bf462fff7bb72.jpg 2 166 204 114 180 276 189 138 182
dataset/images/00368472ad681ede.jpg 1 264 0 180 160
dataset/images/00394770ca22f389.jpg 9 51 249 50 62 235 226 48 68 405 279 48 56 547 283 48 56 676 271 48 62 768 245 48 72 866 326 34 52 896 355 34 52 1013 404 8 40
dataset/images/00484de7afe00a5d.jpg 1 321 196 372 428
dataset/images/005198d58ed87c01.jpg 1 392 91 208 286
dataset/images/005dea312856673d.jpg 11 210 474 44 42 331 299 28 38 364 416 36 38 414 274 26 28 505 480 34 48 510 165 26 36 513 223 30 20 579 152 22 42 636 241 26 34 642 132 26 34 839 272 14 38
dataset/images/0067fc4ccbbf7167.jpg 3 204 384 134 122 394 593 126 110 544 543 68 122
dataset/images/006b41bb2f076482.jpg 2 480 140 84 86 520 637 94 106
dataset/images/006d91e44fda5b89.jpg 4 15 430 90 112 235 361 78 102 291 220 30 42 640 231 110 86
dataset/images/006ff7c3b7c70660.jpg 1 531 331 28 34
dataset/images/00758e5545e24435.jpg 2 157 368 46 66 504 321 42 70
dataset/images/0076e16733b8a5ec.jpg 2 431 211 186 226 376 294 122 148
dataset/images/0079479bc3f6dbd6.jpg 4 60 97 52 70 392 187 96 84 551 356 70 106 847 408 86 104